# Created by Octave 5.2.0, Sat Mar 28 00:38:06 2020 GMT <unknown@Apex>
# name: a
# type: matrix
# rows: 5
# columns: 5
 0.61152014410311117 0.11091116885762158 0.78642437757588068 0.31121935509353388 0.86563562798786975
 0.052713272283534104 0.298679679216934 0.32951736264147907 0.56589172223868689 0.99932474004290073
 0.0756006482248162 0.25141578813116411 0.25977106028145996 0.39814216356492121 0.75358903301509683
 0.50442743900154074 0.93625249327702476 0.67367323014770031 0.28696807712027456 0.279982468865073
 0.47307429861487488 0.84472900551486929 0.67070226673931665 0.0292498755797586 0.1326998122959982


